Avare:	0.5055134772820208
Ourinhos:	0.5376431652497566
